 0.98124    -0.00578
 0.88090     0.01484
 0.56558    -0.01178
 0.53048     0.01487
 0.62620    -0.01312
 0.39106     0.00052
 0.62601    -0.00248
 0.86854     0.01210
 0.55158     0.01461
 0.36418     0.01270
 0.54867    -0.00214
 0.47124    -0.00205
 0.01083    -0.01519
 0.03463     0.00721
 0.81093    -0.00646
 0.09063    -0.01515
-0.00352     0.00095
 0.54143    -0.00974
 0.31242     0.00310
 0.05244    -0.01147
 0.71645     0.01371
 0.61944    -0.01447
 0.05790    -0.00317
 0.05222    -0.01501
 0.97739     0.01268
 0.83935    -0.01579
 0.89989     0.00817
 0.50501     0.01284
 0.39520    -0.00225
 0.61134     0.01391
 0.51528    -0.00930
 0.34141     0.00981
 0.34582    -0.01237
 0.96308     0.00747
 0.86678     0.01364
 0.69326     0.00418
 0.88612    -0.00489
 0.36510    -0.01296
 0.03071     0.00756
 0.87655    -0.00612
 0.24894    -0.00427
 0.68329    -0.00840
 0.75345    -0.01221
 0.65174     0.01472
 0.36015    -0.01480
 0.70140    -0.00538
 0.61622     0.01265
 0.04645    -0.00663
 0.87527    -0.01189
 0.91062     0.00614
 0.74195    -0.01183
 0.05729     0.01220
 0.02559     0.00628
 0.03530     0.01243
-0.00335     0.00765
 0.30116    -0.01072
 0.89383     0.00670
 0.75519     0.00366
 0.35048    -0.00025
 0.66846    -0.00220
 0.30437     0.00895
 0.80111    -0.01118
 0.22897     0.00638
 0.48448    -0.01103
 0.23339    -0.00605
 0.98076    -0.01210
 0.98007    -0.01148
 0.97958    -0.01053
 0.97938    -0.00887
 0.97450    -0.00875
 0.96701    -0.00862
 0.97920    -0.00327
 0.97811    -0.00250
 0.97558     0.00289
 0.96112    -0.00671
 0.96133    -0.00674
 0.95950    -0.00664
 0.95908    -0.00661
 0.96148     0.00675
 0.97490     0.00902
 0.97287     0.01022
 0.97099     0.01320
 0.23915    -0.00733
 0.24974    -0.00492
 0.33156    -0.00217
 0.40116    -0.01212
 0.40146    -0.00018
 0.41298     0.00103
 0.36439    -0.00210
 0.35121    -0.00323
 0.35102    -0.00290
 0.38768     0.00901
 0.38391     0.01314
 0.36941     0.01635
 0.29487    -0.01492
 0.27974    -0.01022
 0.29161    -0.00193
 0.31244    -0.00979
 0.32676    -0.00119
 0.32520     0.00216
 0.32200     0.00374
 0.29439     0.00699
 0.32500     0.01151
 0.77516    -0.00373
 0.58568    -0.01593
 0.67506    -0.01531
 0.74435    -0.01158
 0.74000    -0.01246
 0.73198    -0.01550
 0.72485    -0.00879
 0.72364    -0.00486
 0.75187    -0.01550
 0.76116    -0.00711
 0.74204     0.00031
 0.73713    -0.00034
 0.75258     0.00227
 0.75254     0.00250
 0.74535     0.01339
 0.75093     0.01449
 0.71886     0.00651
 0.70028     0.00683
 0.63255    -0.01411
 0.64086    -0.01069
 0.62645    -0.01199
 0.63727     0.00520
 0.63076     0.00348
 0.61774     0.00143
 0.61233     0.00999
 0.62508     0.01518
 0.62418     0.01528
 0.62478     0.01520
 0.63790     0.00600
 0.64361     0.01269
 0.64512     0.01335
 0.64059     0.01441
 0.64686     0.01597
 0.64951     0.01659
 0.68076     0.01235
 0.68443     0.01278
 0.70253     0.01616
 0.69237     0.01633
 0.87624    -0.01120
 0.84452    -0.01582
 0.85251    -0.01264
 0.85276    -0.01085
 0.85303    -0.01050
 0.86013    -0.00848
 0.89478    -0.01026
 0.90961    -0.00993
 0.92688    -0.00984
 0.93590    -0.00987
 0.93797    -0.00903
 0.93210    -0.00773
 0.92558    -0.00211
 0.92944    -0.00042
 0.94129     0.00653
 0.91512    -0.00615
 0.92209     0.00591
 0.88551    -0.01473
 0.88115     0.01653
 0.90547     0.00669
 0.90918     0.01290
 0.81867    -0.01255
 0.81099    -0.00974
 0.84596    -0.00973
 0.85393    -0.00191
 0.85421    -0.00183
 0.84147     0.00235
 0.80089    -0.00216
 0.79883     0.00978
 0.85893     0.00807
 0.85920     0.00838
 0.95282     0.00964
 0.96281     0.01466
 0.93316     0.01644
 0.78088     0.00935
 0.77735     0.01009
 0.76226     0.01447
 0.76330     0.01635
 0.55443     0.00017
 0.54040    -0.00884
 0.53693    -0.00681
 0.53071     0.00403
 0.53277     0.01638
 0.44703    -0.01603
 0.45941    -0.00925
 0.46035    -0.00457
 0.46185    -0.00461
 0.49071    -0.00961
 0.49773    -0.00439
 0.47928    -0.00201
 0.48093     0.01150
 0.44757     0.00330
 0.46230     0.00489
 0.46503     0.00937
 0.47048     0.01522
 0.47853     0.01165
 0.45824     0.01245
 0.45821     0.01584
 0.59653     0.00747
 0.41503     0.01440
 0.07926    -0.01019
 0.04843    -0.00009
 0.03629     0.00483
 0.05205     0.01422
 0.00529    -0.00639
 0.00563    -0.00630
 0.02098    -0.00222
-0.00935     0.00709
 0.01275     0.01199
 0.02414     0.00402
 0.01900     0.01413
-0.00940     0.00768
-0.00730     0.00973
 0.16075    -0.01628
 0.20545    -0.00513
 0.22428    -0.01030
 0.20753     0.00060
 0.21834     0.00512
 0.21944     0.00768
 0.19031     0.00876
 0.17362    -0.00332
 0.17421    -0.00318
 0.16545     0.00021
 0.16549     0.00538
 0.12077    -0.00321
 0.14049     0.00968
 0.14213     0.01427
 0.13326     0.00753
 0.09093    -0.01435
 0.11066     0.00191
 0.11818     0.01053
 0.10790     0.01013
 0.12948     0.01666
 0.17016     0.01346
 0.07513     0.00996
